[[0.24364053 0.24577773 0.24676814]
 [0.18958507 0.17029817 0.15127189]
 [0.3660342  0.32626147 0.37604254]
 [0.32886781 0.33037948 0.43197456]
 [0.17644912 0.43494579 0.55379483]
 [0.55379483 0.69005421 0.61160342]
 [0.78377815 0.70918474 0.5800146 ]
 [0.70918474 0.5800146  0.19578816]
 [0.69422435 0.71043578 0.55170976]
 [0.71043578 0.55170976 0.94417223]
 [0.89704962 0.68249583 0.8411176 ]
 [0.68249583 0.8411176  0.94771685]
 [0.41790033 0.82344662 0.7558382 ]
 [0.65862177 0.81343828 0.7815367 ]
 [0.96674312 0.6978211  0.80442035]
 [0.80442035 0.39366138 0.59351543]
 [0.64016889 0.55270017 0.49525646]
 [0.49525646 0.81969349 0.67936822]
 [0.53899083 0.50860092 0.32693912]
 [0.58965805 0.55395121 0.48821935]
 [0.55395121 0.48821935 0.0293995 ]
 [0.48821935 0.0293995  0.0293995 ]
 [0.31630525 0.36191618 0.31536697]]